3F,3001,3002,3003,3004,3005,3006,3007,3008,3009,3010,3011,3012,3013,3014,3015,3016,,,,,,,,,,,,,,,,,,,,
,,,,,,,,,,,,,,,,,,,,,,,,,,,,,,,,,,,,
3208,,,3030,3029,3028,3027,3026,3025,3024,3023,3022,3021,3020,3019,3018,3017,,,,,,,,,,,,,,,,,,,,
3207,,,,,3031,3032,3033,3034,3035,3036,3037,3038,3039,3040,3041,3042,,,,,,,,,,,,,,,,,,,,
3206,,,,,,,,,,,,,,,,,,,,,,,,,,,,,,,,,,,,3209
3205,,3057,3056,3055,3054,3053,3052,3051,3050,3049,3048,3047,3046,3045,3044,3043,,,,,,,,,,,,,,,,,,,,3210
3204,,3058,3059,3060,3061,3062,3063,3064,3065,3066,3067,3068,3069,3070,3071,3072,,,,,,,,,,,,,,,,,,,,3211
3203,,,,,,,,,,,,,,,,,,,,,,,,,,,,,,,,,,,,3212
3202,,3087,3086,3085,3084,3083,3082,3081,3080,3079,3078,3077,3076,3075,3074,3073,,3233,3232,3231,3230,3229,3228,3227,3226,3225,3224,3223,3222,3221,3220,3219,3218,,,3213
3201,,3088,3089,3090,3091,3092,3093,3094,3095,3096,3097,3098,3099,3100,3101,3102,,3234,3235,3236,3237,3238,3239,3240,3241,3242,3243,3244,3245,3246,3247,3248,3249,,,3214
3200,,,,,,,,,,,,,,,,,,,,,,,,,,,,,,,,,,,,3215
3199,,,3116,3115,3114,3113,3112,3111,3110,3109,3108,3107,3106,3105,3104,3103,,3264,3263,3262,3261,3260,3259,3258,3257,3256,3255,3254,3253,3252,3251,3250,,,,3216
3198,,,3117,3118,3119,3120,3121,3122,3123,3124,3125,3126,3127,3128,3129,3130,,3265,3266,3267,3268,3269,3270,3271,3272,3273,3274,3275,3276,3277,3278,3279,3280,,,3217
3197,,,,,,,,,,,,,,,,,,,,,,,,,,,,,,,,,,,,
3196,,,,3143,3142,3141,3140,3139,3138,3137,3136,3135,3134,3133,3132,3131,,3294,3293,3292,3291,3290,3289,3288,3287,3286,3285,3284,3283,3282,3281,,,,,
3195,,,,,3144,3145,3146,3147,3148,3149,3150,3151,3152,3153,3154,3155,,3295,3296,3297,3298,3299,3300,3301,3302,3303,3304,3305,3306,3307,3308,3309,,,,
3194,,,,,,,,,,,,,,,,,,,,,,,,,,,,,,,,,,,,3341
3193,,,,,3167,3166,3165,3164,3163,3162,3161,3160,3159,3158,3157,3156,,3324,3323,3322,3321,3320,3319,3318,3317,3316,3315,3314,3313,3312,3311,3310,,,,3342
3192,,,,3168,3169,3170,3171,3172,3173,3174,3175,3176,3177,3178,3179,3180,,3325,3326,3327,3328,3329,3330,3331,3332,3333,3334,3335,3336,3337,3338,3339,3340,,,3343
3191,,,,,,,,,,,,,,,,,,,,,,,,,,,,,,,,,,,,3344
,,,,,,,3190,3189,3188,3187,3186,3185,3184,3183,3182,3181,,3362,3361,3360,3359,3358,3357,3356,3355,3354,3353,3352,3351,3350,3349,3348,3347,3346,,3345
,,,,,,,,,,,,,,3401,3400,,,,,,,,,,,,,,,,,,,,,
,,,,,,,,,,,,,,,,,,,,,,,,,,,,,,,,,,,,
2F,,,,2011,2012,2013,2014,2015,2016,2017,2018,2019,2020,2021,2022,,,,,,,,,,,,,,,,,,,,,
,,,,,,,,,,,,,,,,,,,,,,,,,,,,,,,,,,,,
,,,,,2031,2030,2029,2028,2027,2026,2025,2024,2023,,,,,,,,,,,,,,,,,,,,,,,2187
,,,,,2032,2033,2034,2035,2036,2037,2038,2039,2040,,,,,,,,,,,,,,,,,,,,,,,2188
,,,,,,,,,,,,,,,,,,,,,,,,,,,,,,,,,,,,2189
,,,,,2052,2051,2050,2049,2048,2047,2046,2045,2044,2043,2042,2041,,2212,2211,2210,2209,2208,2207,2206,2205,2204,2203,2202,2201,2200,2199,2198,2197,2196,,2190
2010,,,,,2053,2054,2055,2056,2057,2058,2059,2060,2061,2062,2063,2064,,2213,2214,2215,2216,2217,2218,2219,2220,2221,2222,2223,2224,2225,2226,2227,2228,2229,,2191
2009,,,,,,,,,,,,,,,,,,,,,,,,,,,,,,,,,,,,2192
2008,,,,,2076,2075,2074,2073,2072,2071,2070,2069,2068,2067,2066,2065,,2246,2245,2244,2243,2242,2241,2240,2239,2238,2237,2236,2235,2234,2233,2232,2231,2230,,2193
2007,,,,,2077,2078,2079,2080,2081,2082,2083,2084,2085,2086,2087,2088,,2247,2248,2249,2250,2251,2252,2253,2254,2255,2256,2257,2258,2259,2260,2261,2262,2263,,2194
2006,,,,,,,,,,,,,,,,,,,,,,,,,,,,,,,,,,,,2195
2005,,,,2101,2100,2099,2098,2097,2096,2095,2094,2093,2092,2091,2090,2089,,2280,2279,2278,2277,2276,2275,2274,2273,2272,2271,2270,2269,2268,2267,2266,2265,2264,,
2004,,,,2102,2103,2104,2105,2106,2107,2108,2109,2110,2111,2112,2113,2114,,2281,2282,2283,2284,2285,2286,2287,2288,2289,2290,2291,2292,2293,2294,2295,2296,2297,,
2003,,,,,,,,,,,,,,,,,,,,,,,,,,,,,,,,,,,,2330
2002,,2128,2127,2126,2125,2124,2123,2122,2121,2120,2119,2118,2117,2116,2115,,,2313,2312,2311,2310,2309,2308,2307,2306,2305,2304,2303,2302,2301,2300,2299,2298,,,2331
2001,,2129,2130,2131,2132,2133,2134,2135,2136,2137,2138,2139,2140,2141,2142,,,2314,2315,2316,2317,2318,2319,2320,2321,2322,2323,2324,2325,2326,2327,2328,2329,,,2332
,,,,,,,,,,,,,,,,,,,,,,,,,,,,,,,,,,,,2333
,,,,2154,2153,2152,2151,2150,2149,2148,2147,2146,2145,2144,2143,,,2351,2350,2349,2348,2347,2346,2345,2344,2343,2342,2341,2340,2339,2338,2337,2336,2335,,2334
,,,,,,2155,2156,2157,2158,2159,2160,2161,2162,2163,2164,,,,,,,,,,,,,,,,,,,,,
,,,,,,,,,,,,,,,,,,,,,,,,,,,,,,,,,,,,
,,,,,,,,,,2171,2170,2169,2168,2167,2166,2165,,,,,,,,,,,,,,,,,,,,
,,,,,,,,,,2172,2173,2174,2175,2176,2177,2178,,,,,,,,,,,,,,,,,,,,
,,,,,,,,,,,,,,,,,,,,,,,,,,,,,,,,,,,,
,,,,,,,,,,2186,2185,2184,2183,2182,2181,2180,2179,,,,,,,,,,,,,,,,,,,
